#敵データ
#NAME image LEVEL HP MP GOLD E POWER SPEED MAX_HP MAX_MP ATTACK DEFFENCE WIDTH HEIGHT
まほうつかい,wizard.png,1,10,30,0,0,5,10,10,30,8,5,138,174,2
ゴースト,ghost.png,1,10,15,0,0,5,10,10,30,8,6,145,170,2
きかいへい,robo.png,1,60,20,0,0,5,10,60,20,30,10,210,213,3
キース,tiger.png,1,50,20,0,0,5,10,50,30,45,30,175,224,3
タートナック,tartnack.png,1,40,60,0,0,5,10,40,30,30,100,201,241,4
しりょうのきし,knight.png,1,200,60,0,0,5,10,200,30,150,60,140,203,5
ゴーレム,rockman.png,1,400,60,0,0,5,10,400,30,100,200,210,211,5
だいじゃしん,boss.png,1,999,4000,0,0,5,10,999,30,120,200,216,240,7

